sizes: 1000 2000 3000 4000 5000 6000 7000 8000 9000 10000 
Insertion:0.0240281 0.12259 0.174356 0.161667 0.284962 0.312872 0.345007 0.637963 0.480446 0.690117 
Searching:0.0226189 0.06815 0.0934805 0.0936961 0.170911 0.177953 0.209838 0.338658 0.3107 0.583375 
Deletion:0.024463 0.0703374 0.132871 0.128285 0.273066 0.325181 0.291712 0.547992 0.357637 0.97189 

sizes: 1000 2000 3000 4000 5000 6000 7000 8000 9000 10000 
Insertion:0.0240281 0.12259 0.174356 0.161667 0.284962 0.312872 0.345007 0.637963 0.480446 0.690117 
Searching:0.0226189 0.06815 0.0934805 0.0936961 0.170911 0.177953 0.209838 0.338658 0.3107 0.583375 
Deletion:0.024463 0.0703374 0.132871 0.128285 0.273066 0.325181 0.291712 0.547992 0.357637 0.97189 
